193,-86,-86
193,-87,-87
193,-88,-88
193,-89,-89
193,-90,-90
193,-91,-91
193,-92,-92
193,-93,-93
193,-94,-94
193,-95,-95
193,-96,-96
193,-97,-97
193,-98,-98
193,-99,-99
193,-100,-100
193,-101,-101
193,-102,-102
193,-103,-103
193,-104,-104
193,-105,-105
193,-106,-106
193,-107,-107
193,-108,-108
193,-109,-109
193,-110,-110
193,-111,-111
193,-112,-112
193,-113,-113
193,-114,-114
193,-115,-115
193,-116,-116
193,-117,-117
193,-118,-118
193,-119,-119
193,-120,-120
193,-121,-121
193,-122,-122
193,-123,-123
193,-124,-124
193,-125,-125
193,-126,-126
193,-127,-127
193,-128,-128
193,-129,-129
193,-130,-130
193,-131,-131
193,-132,-132
193,-133,-133
193,-134,-134
193,-135,-135
193,-136,-136
192,-86,-86
192,-87,-87
192,-88,-88
192,-89,-89
192,-90,-90
192,-91,-91
192,-92,-92
192,-93,-93
192,-94,-94
192,-95,-95
192,-96,-96
192,-97,-97
192,-98,-98
192,-99,-99
192,-100,-100
192,-101,-101
192,-102,-102
192,-103,-103
192,-104,-104
192,-105,-105
192,-106,-106
192,-107,-107
192,-108,-108
192,-109,-109
192,-110,-110
192,-111,-111
192,-112,-112
192,-113,-113
192,-114,-114
192,-115,-115
192,-116,-116
192,-117,-117
192,-118,-118
192,-119,-119
192,-120,-120
192,-121,-121
192,-122,-122
192,-123,-123
192,-124,-124
192,-125,-125
192,-126,-126
192,-127,-127
192,-128,-128
192,-129,-129
192,-130,-130
192,-131,-131
192,-132,-132
192,-133,-133
192,-134,-134
192,-135,-135
192,-136,-136
191,-86,-86
191,-87,-87
191,-88,-88
191,-89,-89
191,-90,-90
191,-91,-91
191,-92,-92
191,-93,-93
191,-94,-94
191,-95,-95
191,-96,-96
191,-97,-97
191,-98,-98
191,-99,-99
191,-100,-100
191,-101,-101
191,-102,-102
191,-103,-103
191,-104,-104
191,-105,-105
191,-106,-106
191,-107,-107
191,-108,-108
191,-109,-109
191,-110,-110
191,-111,-111
191,-112,-112
191,-113,-113
191,-114,-114
191,-115,-115
191,-116,-116
191,-117,-117
191,-118,-118
191,-119,-119
191,-120,-120
191,-121,-121
191,-122,-122
191,-123,-123
191,-124,-124
191,-125,-125
191,-126,-126
191,-127,-127
191,-128,-128
191,-129,-129
191,-130,-130
191,-131,-131
191,-132,-132
191,-133,-133
191,-134,-134
191,-135,-135
191,-136,-136
190,-86,-86
190,-87,-87
190,-88,-88
190,-89,-89
190,-90,-90
190,-91,-91
190,-92,-92
190,-93,-93
190,-94,-94
190,-95,-95
190,-96,-96
190,-97,-97
190,-98,-98
190,-99,-99
190,-100,-100
190,-101,-101
190,-102,-102
190,-103,-103
190,-104,-104
190,-105,-105
190,-106,-106
190,-107,-107
190,-108,-108
190,-109,-109
190,-110,-110
190,-111,-111
190,-112,-112
190,-113,-113
190,-114,-114
190,-115,-115
190,-116,-116
190,-117,-117
190,-118,-118
190,-119,-119
190,-120,-120
190,-121,-121
190,-122,-122
190,-123,-123
190,-124,-124
190,-125,-125
190,-126,-126
190,-127,-127
190,-128,-128
190,-129,-129
190,-130,-130
190,-131,-131
190,-132,-132
190,-133,-133
190,-134,-134
190,-135,-135
190,-136,-136
189,-86,-86
189,-87,-87
189,-88,-88
189,-89,-89
189,-90,-90
189,-91,-91
189,-92,-92
189,-93,-93
189,-94,-94
189,-95,-95
189,-96,-96
189,-97,-97
189,-98,-98
189,-99,-99
189,-100,-100
189,-101,-101
189,-102,-102
189,-103,-103
189,-104,-104
189,-105,-105
189,-106,-106
189,-107,-107
189,-108,-108
189,-109,-109
189,-110,-110
189,-111,-111
189,-112,-112
189,-113,-113
189,-114,-114
189,-115,-115
189,-116,-116
189,-117,-117
189,-118,-118
189,-119,-119
189,-120,-120
189,-121,-121
189,-122,-122
189,-123,-123
189,-124,-124
189,-125,-125
189,-126,-126
189,-127,-127
189,-128,-128
189,-129,-129
189,-130,-130
189,-131,-131
189,-132,-132
189,-133,-133
189,-134,-134
189,-135,-135
189,-136,-136
188,-86,-86
188,-87,-87
188,-88,-88
188,-89,-89
188,-90,-90
188,-91,-91
188,-92,-92
188,-93,-93
188,-94,-94
188,-95,-95
188,-96,-96
188,-97,-97
188,-98,-98
188,-99,-99
188,-100,-100
188,-101,-101
188,-102,-102
188,-103,-103
188,-104,-104
188,-105,-105
188,-106,-106
188,-107,-107
188,-108,-108
188,-109,-109
188,-110,-110
188,-111,-111
188,-112,-112
188,-113,-113
188,-114,-114
188,-115,-115
188,-116,-116
188,-117,-117
188,-118,-118
188,-119,-119
188,-120,-120
188,-121,-121
188,-122,-122
188,-123,-123
188,-124,-124
188,-125,-125
188,-126,-126
188,-127,-127
188,-128,-128
188,-129,-129
188,-130,-130
188,-131,-131
188,-132,-132
188,-133,-133
188,-134,-134
188,-135,-135
188,-136,-136
187,-86,-86
187,-87,-87
187,-88,-88
187,-89,-89
187,-90,-90
187,-91,-91
187,-92,-92
187,-93,-93
187,-94,-94
187,-95,-95
187,-96,-96
187,-97,-97
187,-98,-98
187,-99,-99
187,-100,-100
187,-101,-101
187,-102,-102
187,-103,-103
187,-104,-104
187,-105,-105
187,-106,-106
187,-107,-107
187,-108,-108
187,-109,-109
187,-110,-110
187,-111,-111
187,-112,-112
187,-113,-113
187,-114,-114
187,-115,-115
187,-116,-116
187,-117,-117
187,-118,-118
187,-119,-119
187,-120,-120
187,-121,-121
187,-122,-122
187,-123,-123
187,-124,-124
187,-125,-125
187,-126,-126
187,-127,-127
187,-128,-128
187,-129,-129
187,-130,-130
187,-131,-131
187,-132,-132
187,-133,-133
187,-134,-134
187,-135,-135
187,-136,-136
186,-86,-86
186,-87,-87
186,-88,-88
186,-89,-89
186,-90,-90
186,-91,-91
186,-92,-92
186,-93,-93
186,-94,-94
186,-95,-95
186,-96,-96
186,-97,-97
186,-98,-98
186,-99,-99
186,-100,-100
186,-101,-101
186,-102,-102
186,-103,-103
186,-104,-104
186,-105,-105
186,-106,-106
186,-107,-107
186,-108,-108
186,-109,-109
186,-110,-110
186,-111,-111
186,-112,-112
186,-113,-113
186,-114,-114
186,-115,-115
186,-116,-116
186,-117,-117
186,-118,-118
186,-119,-119
186,-120,-120
186,-121,-121
186,-122,-122
186,-123,-123
186,-124,-124
186,-125,-125
186,-126,-126
186,-127,-127
186,-128,-128
186,-129,-129
186,-130,-130
186,-131,-131
186,-132,-132
186,-133,-133
186,-134,-134
186,-135,-135
186,-136,-136
185,-86,-86
185,-87,-87
185,-88,-88
185,-89,-89
185,-90,-90
185,-91,-91
185,-92,-92
185,-93,-93
185,-94,-94
185,-95,-95
185,-96,-96
185,-97,-97
185,-98,-98
185,-99,-99
185,-100,-100
185,-101,-101
185,-102,-102
185,-103,-103
185,-104,-104
185,-105,-105
185,-106,-106
185,-107,-107
185,-108,-108
185,-109,-109
185,-110,-110
185,-111,-111
185,-112,-112
185,-113,-113
185,-114,-114
185,-115,-115
185,-116,-116
185,-117,-117
185,-118,-118
185,-119,-119
185,-120,-120
185,-121,-121
185,-122,-122
185,-123,-123
185,-124,-124
185,-125,-125
185,-126,-126
185,-127,-127
185,-128,-128
185,-129,-129
185,-130,-130
185,-131,-131
185,-132,-132
185,-133,-133
185,-134,-134
185,-135,-135
185,-136,-136
184,-86,-86
184,-87,-87
184,-88,-88
184,-89,-89
184,-90,-90
184,-91,-91
184,-92,-92
184,-93,-93
184,-94,-94
184,-95,-95
184,-96,-96
184,-97,-97
184,-98,-98
184,-99,-99
184,-100,-100
184,-101,-101
184,-102,-102
184,-103,-103
184,-104,-104
184,-105,-105
184,-106,-106
184,-107,-107
184,-108,-108
184,-109,-109
184,-110,-110
184,-111,-111
184,-112,-112
184,-113,-113
184,-114,-114
184,-115,-115
184,-116,-116
184,-117,-117
184,-118,-118
184,-119,-119
184,-120,-120
184,-121,-121
184,-122,-122
184,-123,-123
184,-124,-124
184,-125,-125
184,-126,-126
184,-127,-127
184,-128,-128
184,-129,-129
184,-130,-130
184,-131,-131
184,-132,-132
184,-133,-133
184,-134,-134
184,-135,-135
184,-136,-136
183,-86,-86
183,-87,-87
183,-88,-88
183,-89,-89
183,-90,-90
183,-91,-91
183,-92,-92
183,-93,-93
183,-94,-94
183,-95,-95
183,-96,-96
183,-97,-97
183,-98,-98
183,-99,-99
183,-100,-100
183,-101,-101
183,-102,-102
183,-103,-103
183,-104,-104
183,-105,-105
183,-106,-106
183,-107,-107
183,-108,-108
183,-109,-109
183,-110,-110
183,-111,-111
183,-112,-112
183,-113,-113
183,-114,-114
183,-115,-115
183,-116,-116
183,-117,-117
183,-118,-118
183,-119,-119
183,-120,-120
183,-121,-121
183,-122,-122
183,-123,-123
183,-124,-124
183,-125,-125
183,-126,-126
183,-127,-127
183,-128,-128
183,-129,-129
183,-130,-130
183,-131,-131
183,-132,-132
183,-133,-133
183,-134,-134
183,-135,-135
183,-136,-136
182,-86,-86
182,-87,-87
182,-88,-88
182,-89,-89
182,-90,-90
182,-91,-91
182,-92,-92
182,-93,-93
182,-94,-94
182,-95,-95
182,-96,-96
182,-97,-97
182,-98,-98
182,-99,-99
182,-100,-100
182,-101,-101
182,-102,-102
182,-103,-103
182,-104,-104
182,-105,-105
182,-106,-106
182,-107,-107
182,-108,-108
182,-109,-109
182,-110,-110
182,-111,-111
182,-112,-112
182,-113,-113
182,-114,-114
182,-115,-115
182,-116,-116
182,-117,-117
182,-118,-118
182,-119,-119
182,-120,-120
182,-121,-121
182,-122,-122
182,-123,-123
182,-124,-124
182,-125,-125
182,-126,-126
182,-127,-127
182,-128,-128
182,-129,-129
182,-130,-130
182,-131,-131
182,-132,-132
182,-133,-133
182,-134,-134
182,-135,-135
182,-136,-136
181,-86,-86
181,-87,-87
181,-88,-88
181,-89,-89
181,-90,-90
181,-91,-91
181,-92,-92
181,-93,-93
181,-94,-94
181,-95,-95
181,-96,-96
181,-97,-97
181,-98,-98
181,-99,-99
181,-100,-100
181,-101,-101
181,-102,-102
181,-103,-103
181,-104,-104
181,-105,-105
181,-106,-106
181,-107,-107
181,-108,-108
181,-109,-109
181,-110,-110
181,-111,-111
181,-112,-112
181,-113,-113
181,-114,-114
181,-115,-115
181,-116,-116
181,-117,-117
181,-118,-118
181,-119,-119
181,-120,-120
181,-121,-121
181,-122,-122
181,-123,-123
181,-124,-124
181,-125,-125
181,-126,-126
181,-127,-127
181,-128,-128
181,-129,-129
181,-130,-130
181,-131,-131
181,-132,-132
181,-133,-133
181,-134,-134
181,-135,-135
181,-136,-136
180,-86,-86
180,-87,-87
180,-88,-88
180,-89,-89
180,-90,-90
180,-91,-91
180,-92,-92
180,-93,-93
180,-94,-94
180,-95,-95
180,-96,-96
180,-97,-97
180,-98,-98
180,-99,-99
180,-100,-100
180,-101,-101
180,-102,-102
180,-103,-103
180,-104,-104
180,-105,-105
180,-106,-106
180,-107,-107
180,-108,-108
180,-109,-109
180,-110,-110
180,-111,-111
180,-112,-112
180,-113,-113
180,-114,-114
180,-115,-115
180,-116,-116
180,-117,-117
180,-118,-118
180,-119,-119
180,-120,-120
180,-121,-121
180,-122,-122
180,-123,-123
180,-124,-124
180,-125,-125
180,-126,-126
180,-127,-127
180,-128,-128
180,-129,-129
180,-130,-130
180,-131,-131
180,-132,-132
180,-133,-133
180,-134,-134
180,-135,-135
180,-136,-136
179,-86,-86
179,-87,-87
179,-88,-88
179,-89,-89
179,-90,-90
179,-91,-91
179,-92,-92
179,-93,-93
179,-94,-94
179,-95,-95
179,-96,-96
179,-97,-97
179,-98,-98
179,-99,-99
179,-100,-100
179,-101,-101
179,-102,-102
179,-103,-103
179,-104,-104
179,-105,-105
179,-106,-106
179,-107,-107
179,-108,-108
179,-109,-109
179,-110,-110
179,-111,-111
179,-112,-112
179,-113,-113
179,-114,-114
179,-115,-115
179,-116,-116
179,-117,-117
179,-118,-118
179,-119,-119
179,-120,-120
179,-121,-121
179,-122,-122
179,-123,-123
179,-124,-124
179,-125,-125
179,-126,-126
179,-127,-127
179,-128,-128
179,-129,-129
179,-130,-130
179,-131,-131
179,-132,-132
179,-133,-133
179,-134,-134
179,-135,-135
179,-136,-136
178,-86,-86
178,-87,-87
178,-88,-88
178,-89,-89
178,-90,-90
178,-91,-91
178,-92,-92
178,-93,-93
178,-94,-94
178,-95,-95
178,-96,-96
178,-97,-97
178,-98,-98
178,-99,-99
178,-100,-100
178,-101,-101
178,-102,-102
178,-103,-103
178,-104,-104
178,-105,-105
178,-106,-106
178,-107,-107
178,-108,-108
178,-109,-109
178,-110,-110
178,-111,-111
178,-112,-112
178,-113,-113
178,-114,-114
178,-115,-115
178,-116,-116
178,-117,-117
178,-118,-118
178,-119,-119
178,-120,-120
178,-121,-121
178,-122,-122
178,-123,-123
178,-124,-124
178,-125,-125
178,-126,-126
178,-127,-127
178,-128,-128
178,-129,-129
178,-130,-130
178,-131,-131
178,-132,-132
178,-133,-133
178,-134,-134
178,-135,-135
178,-136,-136
177,-86,-86
177,-87,-87
177,-88,-88
177,-89,-89
177,-90,-90
177,-91,-91
177,-92,-92
177,-93,-93
177,-94,-94
177,-95,-95
177,-96,-96
177,-97,-97
177,-98,-98
177,-99,-99
177,-100,-100
177,-101,-101
177,-102,-102
177,-103,-103
177,-104,-104
177,-105,-105
177,-106,-106
177,-107,-107
177,-108,-108
177,-109,-109
177,-110,-110
177,-111,-111
177,-112,-112
177,-113,-113
177,-114,-114
177,-115,-115
177,-116,-116
177,-117,-117
177,-118,-118
177,-119,-119
177,-120,-120
177,-121,-121
177,-122,-122
177,-123,-123
177,-124,-124
177,-125,-125
177,-126,-126
177,-127,-127
177,-128,-128
177,-129,-129
177,-130,-130
177,-131,-131
177,-132,-132
177,-133,-133
177,-134,-134
177,-135,-135
177,-136,-136
176,-86,-86
176,-87,-87
176,-88,-88
176,-89,-89
176,-90,-90
176,-91,-91
176,-92,-92
176,-93,-93
176,-94,-94
176,-95,-95
176,-96,-96
176,-97,-97
176,-98,-98
176,-99,-99
176,-100,-100
176,-101,-101
176,-102,-102
176,-103,-103
176,-104,-104
176,-105,-105
176,-106,-106
176,-107,-107
176,-108,-108
176,-109,-109
176,-110,-110
176,-111,-111
176,-112,-112
176,-113,-113
176,-114,-114
176,-115,-115
176,-116,-116
176,-117,-117
176,-118,-118
176,-119,-119
176,-120,-120
176,-121,-121
176,-122,-122
176,-123,-123
176,-124,-124
176,-125,-125
176,-126,-126
176,-127,-127
176,-128,-128
176,-129,-129
176,-130,-130
176,-131,-131
176,-132,-132
176,-133,-133
176,-134,-134
176,-135,-135
176,-136,-136
175,-86,-86
175,-87,-87
175,-88,-88
175,-89,-89
175,-90,-90
175,-91,-91
175,-92,-92
175,-93,-93
175,-94,-94
175,-95,-95
175,-96,-96
175,-97,-97
175,-98,-98
175,-99,-99
175,-100,-100
175,-101,-101
175,-102,-102
175,-103,-103
175,-104,-104
175,-105,-105
175,-106,-106
175,-107,-107
175,-108,-108
175,-109,-109
175,-110,-110
175,-111,-111
175,-112,-112
175,-113,-113
175,-114,-114
175,-115,-115
175,-116,-116
175,-117,-117
175,-118,-118
175,-119,-119
175,-120,-120
175,-121,-121
175,-122,-122
175,-123,-123
175,-124,-124
175,-125,-125
175,-126,-126
175,-127,-127
175,-128,-128
175,-129,-129
175,-130,-130
175,-131,-131
175,-132,-132
175,-133,-133
175,-134,-134
175,-135,-135
175,-136,-136
174,-86,-86
174,-87,-87
174,-88,-88
174,-89,-89
174,-90,-90
174,-91,-91
174,-92,-92
174,-93,-93
174,-94,-94
174,-95,-95
174,-96,-96
174,-97,-97
174,-98,-98
174,-99,-99
174,-100,-100
174,-101,-101
174,-102,-102
174,-103,-103
174,-104,-104
174,-105,-105
174,-106,-106
174,-107,-107
174,-108,-108
174,-109,-109
174,-110,-110
174,-111,-111
174,-112,-112
174,-113,-113
174,-114,-114
174,-115,-115
174,-116,-116
174,-117,-117
174,-118,-118
174,-119,-119
174,-120,-120
174,-121,-121
174,-122,-122
174,-123,-123
174,-124,-124
174,-125,-125
174,-126,-126
174,-127,-127
174,-128,-128
174,-129,-129
174,-130,-130
174,-131,-131
174,-132,-132
174,-133,-133
174,-134,-134
174,-135,-135
174,-136,-136
173,-86,-86
173,-87,-87
173,-88,-88
173,-89,-89
173,-90,-90
173,-91,-91
173,-92,-92
173,-93,-93
173,-94,-94
173,-95,-95
173,-96,-96
173,-97,-97
173,-98,-98
173,-99,-99
173,-100,-100
173,-101,-101
173,-102,-102
173,-103,-103
173,-104,-104
173,-105,-105
173,-106,-106
173,-107,-107
173,-108,-108
173,-109,-109
173,-110,-110
173,-111,-111
173,-112,-112
173,-113,-113
173,-114,-114
173,-115,-115
173,-116,-116
173,-117,-117
173,-118,-118
173,-119,-119
173,-120,-120
173,-121,-121
173,-122,-122
173,-123,-123
173,-124,-124
173,-125,-125
173,-126,-126
173,-127,-127
173,-128,-128
173,-129,-129
173,-130,-130
173,-131,-131
173,-132,-132
173,-133,-133
173,-134,-134
173,-135,-135
173,-136,-136
172,-86,-86
172,-87,-87
172,-88,-88
172,-89,-89
172,-90,-90
172,-91,-91
172,-92,-92
172,-93,-93
172,-94,-94
172,-95,-95
172,-96,-96
172,-97,-97
172,-98,-98
172,-99,-99
172,-100,-100
172,-101,-101
172,-102,-102
172,-103,-103
172,-104,-104
172,-105,-105
172,-106,-106
172,-107,-107
172,-108,-108
172,-109,-109
172,-110,-110
172,-111,-111
172,-112,-112
172,-113,-113
172,-114,-114
172,-115,-115
172,-116,-116
172,-117,-117
172,-118,-118
172,-119,-119
172,-120,-120
172,-121,-121
172,-122,-122
172,-123,-123
172,-124,-124
172,-125,-125
172,-126,-126
172,-127,-127
172,-128,-128
172,-129,-129
172,-130,-130
172,-131,-131
172,-132,-132
172,-133,-133
172,-134,-134
172,-135,-135
172,-136,-136
171,-86,-86
171,-87,-87
171,-88,-88
171,-89,-89
171,-90,-90
171,-91,-91
171,-92,-92
171,-93,-93
171,-94,-94
171,-95,-95
171,-96,-96
171,-97,-97
171,-98,-98
171,-99,-99
171,-100,-100
171,-101,-101
171,-102,-102
171,-103,-103
171,-104,-104
171,-105,-105
171,-106,-106
171,-107,-107
171,-108,-108
171,-109,-109
171,-110,-110
171,-111,-111
171,-112,-112
171,-113,-113
171,-114,-114
171,-115,-115
171,-116,-116
171,-117,-117
171,-118,-118
171,-119,-119
171,-120,-120
171,-121,-121
171,-122,-122
171,-123,-123
171,-124,-124
171,-125,-125
171,-126,-126
171,-127,-127
171,-128,-128
171,-129,-129
171,-130,-130
171,-131,-131
171,-132,-132
171,-133,-133
171,-134,-134
171,-135,-135
171,-136,-136
170,-86,-86
170,-87,-87
170,-88,-88
170,-89,-89
170,-90,-90
170,-91,-91
170,-92,-92
170,-93,-93
170,-94,-94
170,-95,-95
170,-96,-96
170,-97,-97
170,-98,-98
170,-99,-99
170,-100,-100
170,-101,-101
170,-102,-102
170,-103,-103
170,-104,-104
170,-105,-105
170,-106,-106
170,-107,-107
170,-108,-108
170,-109,-109
170,-110,-110
170,-111,-111
170,-112,-112
170,-113,-113
170,-114,-114
170,-115,-115
170,-116,-116
170,-117,-117
170,-118,-118
170,-119,-119
170,-120,-120
170,-121,-121
170,-122,-122
170,-123,-123
170,-124,-124
170,-125,-125
170,-126,-126
170,-127,-127
170,-128,-128
170,-129,-129
170,-130,-130
170,-131,-131
170,-132,-132
170,-133,-133
170,-134,-134
170,-135,-135
170,-136,-136
169,-86,-86
169,-87,-87
169,-88,-88
169,-89,-89
169,-90,-90
169,-91,-91
169,-92,-92
169,-93,-93
169,-94,-94
169,-95,-95
169,-96,-96
169,-97,-97
169,-98,-98
169,-99,-99
169,-100,-100
169,-101,-101
169,-102,-102
169,-103,-103
169,-104,-104
169,-105,-105
169,-106,-106
169,-107,-107
169,-108,-108
169,-109,-109
169,-110,-110
169,-111,-111
169,-112,-112
169,-113,-113
169,-114,-114
169,-115,-115
169,-116,-116
169,-117,-117
169,-118,-118
169,-119,-119
169,-120,-120
169,-121,-121
169,-122,-122
169,-123,-123
169,-124,-124
169,-125,-125
169,-126,-126
169,-127,-127
169,-128,-128
169,-129,-129
169,-130,-130
169,-131,-131
169,-132,-132
169,-133,-133
169,-134,-134
169,-135,-135
169,-136,-136
168,-86,-86
168,-87,-87
168,-88,-88
168,-89,-89
168,-90,-90
168,-91,-91
168,-92,-92
168,-93,-93
168,-94,-94
168,-95,-95
168,-96,-96
168,-97,-97
168,-98,-98
168,-99,-99
168,-100,-100
168,-101,-101
168,-102,-102
168,-103,-103
168,-104,-104
168,-105,-105
168,-106,-106
168,-107,-107
168,-108,-108
168,-109,-109
168,-110,-110
168,-111,-111
168,-112,-112
168,-113,-113
168,-114,-114
168,-115,-115
168,-116,-116
168,-117,-117
168,-118,-118
168,-119,-119
168,-120,-120
168,-121,-121
168,-122,-122
168,-123,-123
168,-124,-124
168,-125,-125
168,-126,-126
168,-127,-127
168,-128,-128
168,-129,-129
168,-130,-130
168,-131,-131
168,-132,-132
168,-133,-133
168,-134,-134
168,-135,-135
168,-136,-136
167,-86,-86
167,-87,-87
167,-88,-88
167,-89,-89
167,-90,-90
167,-91,-91
167,-92,-92
167,-93,-93
167,-94,-94
167,-95,-95
167,-96,-96
167,-97,-97
167,-98,-98
167,-99,-99
167,-100,-100
167,-101,-101
167,-102,-102
167,-103,-103
167,-104,-104
167,-105,-105
167,-106,-106
167,-107,-107
167,-108,-108
167,-109,-109
167,-110,-110
167,-111,-111
167,-112,-112
167,-113,-113
167,-114,-114
167,-115,-115
167,-116,-116
167,-117,-117
167,-118,-118
167,-119,-119
167,-120,-120
167,-121,-121
167,-122,-122
167,-123,-123
167,-124,-124
167,-125,-125
167,-126,-126
167,-127,-127
167,-128,-128
167,-129,-129
167,-130,-130
167,-131,-131
167,-132,-132
167,-133,-133
167,-134,-134
167,-135,-135
167,-136,-136
166,-86,-86
166,-87,-87
166,-88,-88
166,-89,-89
166,-90,-90
166,-91,-91
166,-92,-92
166,-93,-93
166,-94,-94
166,-95,-95
166,-96,-96
166,-97,-97
166,-98,-98
166,-99,-99
166,-100,-100
166,-101,-101
166,-102,-102
166,-103,-103
166,-104,-104
166,-105,-105
166,-106,-106
166,-107,-107
166,-108,-108
166,-109,-109
166,-110,-110
166,-111,-111
166,-112,-112
166,-113,-113
166,-114,-114
166,-115,-115
166,-116,-116
166,-117,-117
166,-118,-118
166,-119,-119
166,-120,-120
166,-121,-121
166,-122,-122
166,-123,-123
166,-124,-124
166,-125,-125
166,-126,-126
166,-127,-127
166,-128,-128
166,-129,-129
166,-130,-130
166,-131,-131
166,-132,-132
166,-133,-133
166,-134,-134
166,-135,-135
166,-136,-136
165,-86,-86
165,-87,-87
165,-88,-88
165,-89,-89
165,-90,-90
165,-91,-91
165,-92,-92
165,-93,-93
165,-94,-94
165,-95,-95
165,-96,-96
165,-97,-97
165,-98,-98
165,-99,-99
165,-100,-100
165,-101,-101
165,-102,-102
165,-103,-103
165,-104,-104
165,-105,-105
165,-106,-106
165,-107,-107
165,-108,-108
165,-109,-109
165,-110,-110
165,-111,-111
165,-112,-112
165,-113,-113
165,-114,-114
165,-115,-115
165,-116,-116
165,-117,-117
165,-118,-118
165,-119,-119
165,-120,-120
165,-121,-121
165,-122,-122
165,-123,-123
165,-124,-124
165,-125,-125
165,-126,-126
165,-127,-127
165,-128,-128
165,-129,-129
165,-130,-130
165,-131,-131
165,-132,-132
165,-133,-133
165,-134,-134
165,-135,-135
165,-136,-136
164,-86,-86
164,-87,-87
164,-88,-88
164,-89,-89
164,-90,-90
164,-91,-91
164,-92,-92
164,-93,-93
164,-94,-94
164,-95,-95
164,-96,-96
164,-97,-97
164,-98,-98
164,-99,-99
164,-100,-100
164,-101,-101
164,-102,-102
164,-103,-103
164,-104,-104
164,-105,-105
164,-106,-106
164,-107,-107
164,-108,-108
164,-109,-109
164,-110,-110
164,-111,-111
164,-112,-112
164,-113,-113
164,-114,-114
164,-115,-115
164,-116,-116
164,-117,-117
164,-118,-118
164,-119,-119
164,-120,-120
164,-121,-121
164,-122,-122
164,-123,-123
164,-124,-124
164,-125,-125
164,-126,-126
164,-127,-127
164,-128,-128
164,-129,-129
164,-130,-130
164,-131,-131
164,-132,-132
164,-133,-133
164,-134,-134
164,-135,-135
164,-136,-136
163,-86,-86
163,-87,-87
163,-88,-88
163,-89,-89
163,-90,-90
163,-91,-91
163,-92,-92
163,-93,-93
163,-94,-94
163,-95,-95
163,-96,-96
163,-97,-97
163,-98,-98
163,-99,-99
163,-100,-100
163,-101,-101
163,-102,-102
163,-103,-103
163,-104,-104
163,-105,-105
163,-106,-106
163,-107,-107
163,-108,-108
163,-109,-109
163,-110,-110
163,-111,-111
163,-112,-112
163,-113,-113
163,-114,-114
163,-115,-115
163,-116,-116
163,-117,-117
163,-118,-118
163,-119,-119
163,-120,-120
163,-121,-121
163,-122,-122
163,-123,-123
163,-124,-124
163,-125,-125
163,-126,-126
163,-127,-127
163,-128,-128
163,-129,-129
163,-130,-130
163,-131,-131
163,-132,-132
163,-133,-133
163,-134,-134
163,-135,-135
163,-136,-136
162,-86,-86
162,-87,-87
162,-88,-88
162,-89,-89
162,-90,-90
162,-91,-91
162,-92,-92
162,-93,-93
162,-94,-94
162,-95,-95
162,-96,-96
162,-97,-97
162,-98,-98
162,-99,-99
162,-100,-100
162,-101,-101
162,-102,-102
162,-103,-103
162,-104,-104
162,-105,-105
162,-106,-106
162,-107,-107
162,-108,-108
162,-109,-109
162,-110,-110
162,-111,-111
162,-112,-112
162,-113,-113
162,-114,-114
162,-115,-115
162,-116,-116
162,-117,-117
162,-118,-118
162,-119,-119
162,-120,-120
162,-121,-121
162,-122,-122
162,-123,-123
162,-124,-124
162,-125,-125
162,-126,-126
162,-127,-127
162,-128,-128
162,-129,-129
162,-130,-130
162,-131,-131
162,-132,-132
162,-133,-133
162,-134,-134
162,-135,-135
162,-136,-136
161,-86,-86
161,-87,-87
161,-88,-88
161,-89,-89
161,-90,-90
161,-91,-91
161,-92,-92
161,-93,-93
161,-94,-94
161,-95,-95
161,-96,-96
161,-97,-97
161,-98,-98
161,-99,-99
161,-100,-100
161,-101,-101
161,-102,-102
161,-103,-103
161,-104,-104
161,-105,-105
161,-106,-106
161,-107,-107
161,-108,-108
161,-109,-109
161,-110,-110
161,-111,-111
161,-112,-112
161,-113,-113
161,-114,-114
161,-115,-115
161,-116,-116
161,-117,-117
161,-118,-118
161,-119,-119
161,-120,-120
161,-121,-121
161,-122,-122
161,-123,-123
161,-124,-124
161,-125,-125
161,-126,-126
161,-127,-127
161,-128,-128
161,-129,-129
161,-130,-130
161,-131,-131
161,-132,-132
161,-133,-133
161,-134,-134
161,-135,-135
161,-136,-136
160,-86,-86
160,-87,-87
160,-88,-88
160,-89,-89
160,-90,-90
160,-91,-91
160,-92,-92
160,-93,-93
160,-94,-94
160,-95,-95
160,-96,-96
160,-97,-97
160,-98,-98
160,-99,-99
160,-100,-100
160,-101,-101
160,-102,-102
160,-103,-103
160,-104,-104
160,-105,-105
160,-106,-106
160,-107,-107
160,-108,-108
160,-109,-109
160,-110,-110
160,-111,-111
160,-112,-112
160,-113,-113
160,-114,-114
160,-115,-115
160,-116,-116
160,-117,-117
160,-118,-118
160,-119,-119
160,-120,-120
160,-121,-121
160,-122,-122
160,-123,-123
160,-124,-124
160,-125,-125
160,-126,-126
160,-127,-127
160,-128,-128
160,-129,-129
160,-130,-130
160,-131,-131
160,-132,-132
160,-133,-133
160,-134,-134
160,-135,-135
160,-136,-136
159,-86,-86
159,-87,-87
159,-88,-88
159,-89,-89
159,-90,-90
159,-91,-91
159,-92,-92
159,-93,-93
159,-94,-94
159,-95,-95
159,-96,-96
159,-97,-97
159,-98,-98
159,-99,-99
159,-100,-100
159,-101,-101
159,-102,-102
159,-103,-103
159,-104,-104
159,-105,-105
159,-106,-106
159,-107,-107
159,-108,-108
159,-109,-109
159,-110,-110
159,-111,-111
159,-112,-112
159,-113,-113
159,-114,-114
159,-115,-115
159,-116,-116
159,-117,-117
159,-118,-118
159,-119,-119
159,-120,-120
159,-121,-121
159,-122,-122
159,-123,-123
159,-124,-124
159,-125,-125
159,-126,-126
159,-127,-127
159,-128,-128
159,-129,-129
159,-130,-130
159,-131,-131
159,-132,-132
159,-133,-133
159,-134,-134
159,-135,-135
159,-136,-136
158,-86,-86
158,-87,-87
158,-88,-88
158,-89,-89
158,-90,-90
158,-91,-91
158,-92,-92
158,-93,-93
158,-94,-94
158,-95,-95
158,-96,-96
158,-97,-97
158,-98,-98
158,-99,-99
158,-100,-100
158,-101,-101
158,-102,-102
158,-103,-103
158,-104,-104
158,-105,-105
158,-106,-106
158,-107,-107
158,-108,-108
158,-109,-109
158,-110,-110
158,-111,-111
158,-112,-112
158,-113,-113
158,-114,-114
158,-115,-115
158,-116,-116
158,-117,-117
158,-118,-118
158,-119,-119
158,-120,-120
158,-121,-121
158,-122,-122
158,-123,-123
158,-124,-124
158,-125,-125
158,-126,-126
158,-127,-127
158,-128,-128
158,-129,-129
158,-130,-130
158,-131,-131
158,-132,-132
158,-133,-133
158,-134,-134
158,-135,-135
158,-136,-136
157,-86,-86
157,-87,-87
157,-88,-88
157,-89,-89
157,-90,-90
157,-91,-91
157,-92,-92
157,-93,-93
157,-94,-94
157,-95,-95
157,-96,-96
157,-97,-97
157,-98,-98
157,-99,-99
157,-100,-100
157,-101,-101
157,-102,-102
157,-103,-103
157,-104,-104
157,-105,-105
157,-106,-106
157,-107,-107
157,-108,-108
157,-109,-109
157,-110,-110
157,-111,-111
157,-112,-112
157,-113,-113
157,-114,-114
157,-115,-115
157,-116,-116
157,-117,-117
157,-118,-118
157,-119,-119
157,-120,-120
157,-121,-121
157,-122,-122
157,-123,-123
157,-124,-124
157,-125,-125
157,-126,-126
157,-127,-127
157,-128,-128
157,-129,-129
157,-130,-130
157,-131,-131
157,-132,-132
157,-133,-133
157,-134,-134
157,-135,-135
157,-136,-136
156,-86,-86
156,-87,-87
156,-88,-88
156,-89,-89
156,-90,-90
156,-91,-91
156,-92,-92
156,-93,-93
156,-94,-94
156,-95,-95
156,-96,-96
156,-97,-97
156,-98,-98
156,-99,-99
156,-100,-100
156,-101,-101
156,-102,-102
156,-103,-103
156,-104,-104
156,-105,-105
156,-106,-106
156,-107,-107
156,-108,-108
156,-109,-109
156,-110,-110
156,-111,-111
156,-112,-112
156,-113,-113
156,-114,-114
156,-115,-115
156,-116,-116
156,-117,-117
156,-118,-118
156,-119,-119
156,-120,-120
156,-121,-121
156,-122,-122
156,-123,-123
156,-124,-124
156,-125,-125
156,-126,-126
156,-127,-127
156,-128,-128
156,-129,-129
156,-130,-130
156,-131,-131
156,-132,-132
156,-133,-133
156,-134,-134
156,-135,-135
156,-136,-136
155,-86,-86
155,-87,-87
155,-88,-88
155,-89,-89
155,-90,-90
155,-91,-91
155,-92,-92
155,-93,-93
155,-94,-94
155,-95,-95
155,-96,-96
155,-97,-97
155,-98,-98
155,-99,-99
155,-100,-100
155,-101,-101
155,-102,-102
155,-103,-103
155,-104,-104
155,-105,-105
155,-106,-106
155,-107,-107
155,-108,-108
155,-109,-109
155,-110,-110
155,-111,-111
155,-112,-112
155,-113,-113
155,-114,-114
155,-115,-115
155,-116,-116
155,-117,-117
155,-118,-118
155,-119,-119
155,-120,-120
155,-121,-121
155,-122,-122
155,-123,-123
155,-124,-124
155,-125,-125
155,-126,-126
155,-127,-127
155,-128,-128
155,-129,-129
155,-130,-130
155,-131,-131
155,-132,-132
155,-133,-133
155,-134,-134
155,-135,-135
155,-136,-136
154,-86,-86
154,-87,-87
154,-88,-88
154,-89,-89
154,-90,-90
154,-91,-91
154,-92,-92
154,-93,-93
154,-94,-94
154,-95,-95
154,-96,-96
154,-97,-97
154,-98,-98
154,-99,-99
154,-100,-100
154,-101,-101
154,-102,-102
154,-103,-103
154,-104,-104
154,-105,-105
154,-106,-106
154,-107,-107
154,-108,-108
154,-109,-109
154,-110,-110
154,-111,-111
154,-112,-112
154,-113,-113
154,-114,-114
154,-115,-115
154,-116,-116
154,-117,-117
154,-118,-118
154,-119,-119
154,-120,-120
154,-121,-121
154,-122,-122
154,-123,-123
154,-124,-124
154,-125,-125
154,-126,-126
154,-127,-127
154,-128,-128
154,-129,-129
154,-130,-130
154,-131,-131
154,-132,-132
154,-133,-133
154,-134,-134
154,-135,-135
154,-136,-136
153,-86,-86
153,-87,-87
153,-88,-88
153,-89,-89
153,-90,-90
153,-91,-91
153,-92,-92
153,-93,-93
153,-94,-94
153,-95,-95
153,-96,-96
153,-97,-97
153,-98,-98
153,-99,-99
153,-100,-100
153,-101,-101
153,-102,-102
153,-103,-103
153,-104,-104
153,-105,-105
153,-106,-106
153,-107,-107
153,-108,-108
153,-109,-109
153,-110,-110
153,-111,-111
153,-112,-112
153,-113,-113
153,-114,-114
153,-115,-115
153,-116,-116
153,-117,-117
153,-118,-118
153,-119,-119
153,-120,-120
153,-121,-121
153,-122,-122
153,-123,-123
153,-124,-124
153,-125,-125
153,-126,-126
153,-127,-127
153,-128,-128
153,-129,-129
153,-130,-130
153,-131,-131
153,-132,-132
153,-133,-133
153,-134,-134
153,-135,-135
153,-136,-136
152,-86,-86
152,-87,-87
152,-88,-88
152,-89,-89
152,-90,-90
152,-91,-91
152,-92,-92
152,-93,-93
152,-94,-94
152,-95,-95
152,-96,-96
152,-97,-97
152,-98,-98
152,-99,-99
152,-100,-100
152,-101,-101
152,-102,-102
152,-103,-103
152,-104,-104
152,-105,-105
152,-106,-106
152,-107,-107
152,-108,-108
152,-109,-109
152,-110,-110
152,-111,-111
152,-112,-112
152,-113,-113
152,-114,-114
152,-115,-115
152,-116,-116
152,-117,-117
152,-118,-118
152,-119,-119
152,-120,-120
152,-121,-121
152,-122,-122
152,-123,-123
152,-124,-124
152,-125,-125
152,-126,-126
152,-127,-127
152,-128,-128
152,-129,-129
152,-130,-130
152,-131,-131
152,-132,-132
152,-133,-133
152,-134,-134
152,-135,-135
152,-136,-136
151,-86,-86
151,-87,-87
151,-88,-88
151,-89,-89
151,-90,-90
151,-91,-91
151,-92,-92
151,-93,-93
151,-94,-94
151,-95,-95
151,-96,-96
151,-97,-97
151,-98,-98
151,-99,-99
151,-100,-100
151,-101,-101
151,-102,-102
151,-103,-103
151,-104,-104
151,-105,-105
151,-106,-106
151,-107,-107
151,-108,-108
151,-109,-109
151,-110,-110
151,-111,-111
151,-112,-112
151,-113,-113
151,-114,-114
151,-115,-115
151,-116,-116
151,-117,-117
151,-118,-118
151,-119,-119
151,-120,-120
151,-121,-121
151,-122,-122
151,-123,-123
151,-124,-124
151,-125,-125
151,-126,-126
151,-127,-127
151,-128,-128
151,-129,-129
151,-130,-130
151,-131,-131
151,-132,-132
151,-133,-133
151,-134,-134
151,-135,-135
151,-136,-136
150,-86,-86
150,-87,-87
150,-88,-88
150,-89,-89
150,-90,-90
150,-91,-91
150,-92,-92
150,-93,-93
150,-94,-94
150,-95,-95
150,-96,-96
150,-97,-97
150,-98,-98
150,-99,-99
150,-100,-100
150,-101,-101
150,-102,-102
150,-103,-103
150,-104,-104
150,-105,-105
150,-106,-106
150,-107,-107
150,-108,-108
150,-109,-109
150,-110,-110
150,-111,-111
150,-112,-112
150,-113,-113
150,-114,-114
150,-115,-115
150,-116,-116
150,-117,-117
150,-118,-118
150,-119,-119
150,-120,-120
150,-121,-121
150,-122,-122
150,-123,-123
150,-124,-124
150,-125,-125
150,-126,-126
150,-127,-127
150,-128,-128
150,-129,-129
150,-130,-130
150,-131,-131
150,-132,-132
150,-133,-133
150,-134,-134
150,-135,-135
150,-136,-136
97,-43,-43
97,-44,-44
97,-45,-45
97,-46,-46
97,-47,-47
97,-48,-48
97,-49,-49
97,-50,-50
97,-51,-51
97,-52,-52
97,-53,-53
97,-54,-54
97,-55,-55
97,-56,-56
97,-57,-57
97,-58,-58
97,-59,-59
97,-60,-60
97,-61,-61
97,-62,-62
97,-63,-63
97,-64,-64
97,-65,-65
97,-66,-66
97,-67,-67
96,-43,-43
96,-44,-44
96,-45,-45
96,-46,-46
96,-47,-47
96,-48,-48
96,-49,-49
96,-50,-50
96,-51,-51
96,-52,-52
96,-53,-53
96,-54,-54
96,-55,-55
96,-56,-56
96,-57,-57
96,-58,-58
96,-59,-59
96,-60,-60
96,-61,-61
96,-62,-62
96,-63,-63
96,-64,-64
96,-65,-65
96,-66,-66
96,-67,-67
95,-43,-43
95,-44,-44
95,-45,-45
95,-46,-46
95,-47,-47
95,-48,-48
95,-49,-49
95,-50,-50
95,-51,-51
95,-52,-52
95,-53,-53
95,-54,-54
95,-55,-55
95,-56,-56
95,-57,-57
95,-58,-58
95,-59,-59
95,-60,-60
95,-61,-61
95,-62,-62
95,-63,-63
95,-64,-64
95,-65,-65
95,-66,-66
95,-67,-67
94,-43,-43
94,-44,-44
94,-45,-45
94,-46,-46
94,-47,-47
94,-48,-48
94,-49,-49
94,-50,-50
94,-51,-51
94,-52,-52
94,-53,-53
94,-54,-54
94,-55,-55
94,-56,-56
94,-57,-57
94,-58,-58
94,-59,-59
94,-60,-60
94,-61,-61
94,-62,-62
94,-63,-63
94,-64,-64
94,-65,-65
94,-66,-66
94,-67,-67
93,-43,-43
93,-44,-44
93,-45,-45
93,-46,-46
93,-47,-47
93,-48,-48
93,-49,-49
93,-50,-50
93,-51,-51
93,-52,-52
93,-53,-53
93,-54,-54
93,-55,-55
93,-56,-56
93,-57,-57
93,-58,-58
93,-59,-59
93,-60,-60
93,-61,-61
93,-62,-62
93,-63,-63
93,-64,-64
93,-65,-65
93,-66,-66
93,-67,-67
92,-43,-43
92,-44,-44
92,-45,-45
92,-46,-46
92,-47,-47
92,-48,-48
92,-49,-49
92,-50,-50
92,-51,-51
92,-52,-52
92,-53,-53
92,-54,-54
92,-55,-55
92,-56,-56
92,-57,-57
92,-58,-58
92,-59,-59
92,-60,-60
92,-61,-61
92,-62,-62
92,-63,-63
92,-64,-64
92,-65,-65
92,-66,-66
92,-67,-67
91,-43,-43
91,-44,-44
91,-45,-45
91,-46,-46
91,-47,-47
91,-48,-48
91,-49,-49
91,-50,-50
91,-51,-51
91,-52,-52
91,-53,-53
91,-54,-54
91,-55,-55
91,-56,-56
91,-57,-57
91,-58,-58
91,-59,-59
91,-60,-60
91,-61,-61
91,-62,-62
91,-63,-63
91,-64,-64
91,-65,-65
91,-66,-66
91,-67,-67
90,-43,-43
90,-44,-44
90,-45,-45
90,-46,-46
90,-47,-47
90,-48,-48
90,-49,-49
90,-50,-50
90,-51,-51
90,-52,-52
90,-53,-53
90,-54,-54
90,-55,-55
90,-56,-56
90,-57,-57
90,-58,-58
90,-59,-59
90,-60,-60
90,-61,-61
90,-62,-62
90,-63,-63
90,-64,-64
90,-65,-65
90,-66,-66
90,-67,-67
89,-43,-43
89,-44,-44
89,-45,-45
89,-46,-46
89,-47,-47
89,-48,-48
89,-49,-49
89,-50,-50
89,-51,-51
89,-52,-52
89,-53,-53
89,-54,-54
89,-55,-55
89,-56,-56
89,-57,-57
89,-58,-58
89,-59,-59
89,-60,-60
89,-61,-61
89,-62,-62
89,-63,-63
89,-64,-64
89,-65,-65
89,-66,-66
89,-67,-67
88,-43,-43
88,-44,-44
88,-45,-45
88,-46,-46
88,-47,-47
88,-48,-48
88,-49,-49
88,-50,-50
88,-51,-51
88,-52,-52
88,-53,-53
88,-54,-54
88,-55,-55
88,-56,-56
88,-57,-57
88,-58,-58
88,-59,-59
88,-60,-60
88,-61,-61
88,-62,-62
88,-63,-63
88,-64,-64
88,-65,-65
88,-66,-66
88,-67,-67
87,-43,-43
87,-44,-44
87,-45,-45
87,-46,-46
87,-47,-47
87,-48,-48
87,-49,-49
87,-50,-50
87,-51,-51
87,-52,-52
87,-53,-53
87,-54,-54
87,-55,-55
87,-56,-56
87,-57,-57
87,-58,-58
87,-59,-59
87,-60,-60
87,-61,-61
87,-62,-62
87,-63,-63
87,-64,-64
87,-65,-65
87,-66,-66
87,-67,-67
86,-43,-43
86,-44,-44
86,-45,-45
86,-46,-46
86,-47,-47
86,-48,-48
86,-49,-49
86,-50,-50
86,-51,-51
86,-52,-52
86,-53,-53
86,-54,-54
86,-55,-55
86,-56,-56
86,-57,-57
86,-58,-58
86,-59,-59
86,-60,-60
86,-61,-61
86,-62,-62
86,-63,-63
86,-64,-64
86,-65,-65
86,-66,-66
86,-67,-67
85,-43,-43
85,-44,-44
85,-45,-45
85,-46,-46
85,-47,-47
85,-48,-48
85,-49,-49
85,-50,-50
85,-51,-51
85,-52,-52
85,-53,-53
85,-54,-54
85,-55,-55
85,-56,-56
85,-57,-57
85,-58,-58
85,-59,-59
85,-60,-60
85,-61,-61
85,-62,-62
85,-63,-63
85,-64,-64
85,-65,-65
85,-66,-66
85,-67,-67
84,-43,-43
84,-44,-44
84,-45,-45
84,-46,-46
84,-47,-47
84,-48,-48
84,-49,-49
84,-50,-50
84,-51,-51
84,-52,-52
84,-53,-53
84,-54,-54
84,-55,-55
84,-56,-56
84,-57,-57
84,-58,-58
84,-59,-59
84,-60,-60
84,-61,-61
84,-62,-62
84,-63,-63
84,-64,-64
84,-65,-65
84,-66,-66
84,-67,-67
83,-43,-43
83,-44,-44
83,-45,-45
83,-46,-46
83,-47,-47
83,-48,-48
83,-49,-49
83,-50,-50
83,-51,-51
83,-52,-52
83,-53,-53
83,-54,-54
83,-55,-55
83,-56,-56
83,-57,-57
83,-58,-58
83,-59,-59
83,-60,-60
83,-61,-61
83,-62,-62
83,-63,-63
83,-64,-64
83,-65,-65
83,-66,-66
83,-67,-67
82,-43,-43
82,-44,-44
82,-45,-45
82,-46,-46
82,-47,-47
82,-48,-48
82,-49,-49
82,-50,-50
82,-51,-51
82,-52,-52
82,-53,-53
82,-54,-54
82,-55,-55
82,-56,-56
82,-57,-57
82,-58,-58
82,-59,-59
82,-60,-60
82,-61,-61
82,-62,-62
82,-63,-63
82,-64,-64
82,-65,-65
82,-66,-66
82,-67,-67
81,-43,-43
81,-44,-44
81,-45,-45
81,-46,-46
81,-47,-47
81,-48,-48
81,-49,-49
81,-50,-50
81,-51,-51
81,-52,-52
81,-53,-53
81,-54,-54
81,-55,-55
81,-56,-56
81,-57,-57
81,-58,-58
81,-59,-59
81,-60,-60
81,-61,-61
81,-62,-62
81,-63,-63
81,-64,-64
81,-65,-65
81,-66,-66
81,-67,-67
80,-43,-43
80,-44,-44
80,-45,-45
80,-46,-46
80,-47,-47
80,-48,-48
80,-49,-49
80,-50,-50
80,-51,-51
80,-52,-52
80,-53,-53
80,-54,-54
80,-55,-55
80,-56,-56
80,-57,-57
80,-58,-58
80,-59,-59
80,-60,-60
80,-61,-61
80,-62,-62
80,-63,-63
80,-64,-64
80,-65,-65
80,-66,-66
80,-67,-67
79,-43,-43
79,-44,-44
79,-45,-45
79,-46,-46
79,-47,-47
79,-48,-48
79,-49,-49
79,-50,-50
79,-51,-51
79,-52,-52
79,-53,-53
79,-54,-54
79,-55,-55
79,-56,-56
79,-57,-57
79,-58,-58
79,-59,-59
79,-60,-60
79,-61,-61
79,-62,-62
79,-63,-63
79,-64,-64
79,-65,-65
79,-66,-66
79,-67,-67
78,-43,-43
78,-44,-44
78,-45,-45
78,-46,-46
78,-47,-47
78,-48,-48
78,-49,-49
78,-50,-50
78,-51,-51
78,-52,-52
78,-53,-53
78,-54,-54
78,-55,-55
78,-56,-56
78,-57,-57
78,-58,-58
78,-59,-59
78,-60,-60
78,-61,-61
78,-62,-62
78,-63,-63
78,-64,-64
78,-65,-65
78,-66,-66
78,-67,-67
77,-43,-43
77,-44,-44
77,-45,-45
77,-46,-46
77,-47,-47
77,-48,-48
77,-49,-49
77,-50,-50
77,-51,-51
77,-52,-52
77,-53,-53
77,-54,-54
77,-55,-55
77,-56,-56
77,-57,-57
77,-58,-58
77,-59,-59
77,-60,-60
77,-61,-61
77,-62,-62
77,-63,-63
77,-64,-64
77,-65,-65
77,-66,-66
77,-67,-67
76,-43,-43
76,-44,-44
76,-45,-45
76,-46,-46
76,-47,-47
76,-48,-48
76,-49,-49
76,-50,-50
76,-51,-51
76,-52,-52
76,-53,-53
76,-54,-54
76,-55,-55
76,-56,-56
76,-57,-57
76,-58,-58
76,-59,-59
76,-60,-60
76,-61,-61
76,-62,-62
76,-63,-63
76,-64,-64
76,-65,-65
76,-66,-66
76,-67,-67
65,-28,-28
65,-29,-29
65,-30,-30
65,-31,-31
65,-32,-32
65,-33,-33
65,-34,-34
65,-35,-35
65,-36,-36
65,-37,-37
65,-38,-38
65,-39,-39
65,-40,-40
65,-41,-41
65,-42,-42
65,-43,-43
65,-44,-44
64,-28,-28
64,-29,-29
64,-30,-30
64,-31,-31
64,-32,-32
64,-33,-33
64,-34,-34
64,-35,-35
64,-36,-36
64,-37,-37
64,-38,-38
64,-39,-39
64,-40,-40
64,-41,-41
64,-42,-42
64,-43,-43
64,-44,-44
63,-28,-28
63,-29,-29
63,-30,-30
63,-31,-31
63,-32,-32
63,-33,-33
63,-34,-34
63,-35,-35
63,-36,-36
63,-37,-37
63,-38,-38
63,-39,-39
63,-40,-40
63,-41,-41
63,-42,-42
63,-43,-43
63,-44,-44
62,-28,-28
62,-29,-29
62,-30,-30
62,-31,-31
62,-32,-32
62,-33,-33
62,-34,-34
62,-35,-35
62,-36,-36
62,-37,-37
62,-38,-38
62,-39,-39
62,-40,-40
62,-41,-41
62,-42,-42
62,-43,-43
62,-44,-44
61,-28,-28
61,-29,-29
61,-30,-30
61,-31,-31
61,-32,-32
61,-33,-33
61,-34,-34
61,-35,-35
61,-36,-36
61,-37,-37
61,-38,-38
61,-39,-39
61,-40,-40
61,-41,-41
61,-42,-42
61,-43,-43
61,-44,-44
60,-28,-28
60,-29,-29
60,-30,-30
60,-31,-31
60,-32,-32
60,-33,-33
60,-34,-34
60,-35,-35
60,-36,-36
60,-37,-37
60,-38,-38
60,-39,-39
60,-40,-40
60,-41,-41
60,-42,-42
60,-43,-43
60,-44,-44
59,-28,-28
59,-29,-29
59,-30,-30
59,-31,-31
59,-32,-32
59,-33,-33
59,-34,-34
59,-35,-35
59,-36,-36
59,-37,-37
59,-38,-38
59,-39,-39
59,-40,-40
59,-41,-41
59,-42,-42
59,-43,-43
59,-44,-44
58,-28,-28
58,-29,-29
58,-30,-30
58,-31,-31
58,-32,-32
58,-33,-33
58,-34,-34
58,-35,-35
58,-36,-36
58,-37,-37
58,-38,-38
58,-39,-39
58,-40,-40
58,-41,-41
58,-42,-42
58,-43,-43
58,-44,-44
57,-28,-28
57,-29,-29
57,-30,-30
57,-31,-31
57,-32,-32
57,-33,-33
57,-34,-34
57,-35,-35
57,-36,-36
57,-37,-37
57,-38,-38
57,-39,-39
57,-40,-40
57,-41,-41
57,-42,-42
57,-43,-43
57,-44,-44
56,-28,-28
56,-29,-29
56,-30,-30
56,-31,-31
56,-32,-32
56,-33,-33
56,-34,-34
56,-35,-35
56,-36,-36
56,-37,-37
56,-38,-38
56,-39,-39
56,-40,-40
56,-41,-41
56,-42,-42
56,-43,-43
56,-44,-44
55,-28,-28
55,-29,-29
55,-30,-30
55,-31,-31
55,-32,-32
55,-33,-33
55,-34,-34
55,-35,-35
55,-36,-36
55,-37,-37
55,-38,-38
55,-39,-39
55,-40,-40
55,-41,-41
55,-42,-42
55,-43,-43
55,-44,-44
54,-28,-28
54,-29,-29
54,-30,-30
54,-31,-31
54,-32,-32
54,-33,-33
54,-34,-34
54,-35,-35
54,-36,-36
54,-37,-37
54,-38,-38
54,-39,-39
54,-40,-40
54,-41,-41
54,-42,-42
54,-43,-43
54,-44,-44
53,-28,-28
53,-29,-29
53,-30,-30
53,-31,-31
53,-32,-32
53,-33,-33
53,-34,-34
53,-35,-35
53,-36,-36
53,-37,-37
53,-38,-38
53,-39,-39
53,-40,-40
53,-41,-41
53,-42,-42
53,-43,-43
53,-44,-44
52,-28,-28
52,-29,-29
52,-30,-30
52,-31,-31
52,-32,-32
52,-33,-33
52,-34,-34
52,-35,-35
52,-36,-36
52,-37,-37
52,-38,-38
52,-39,-39
52,-40,-40
52,-41,-41
52,-42,-42
52,-43,-43
52,-44,-44
51,-28,-28
51,-29,-29
51,-30,-30
51,-31,-31
51,-32,-32
51,-33,-33
51,-34,-34
51,-35,-35
51,-36,-36
51,-37,-37
51,-38,-38
51,-39,-39
51,-40,-40
51,-41,-41
51,-42,-42
51,-43,-43
51,-44,-44
49,-20,-20
49,-21,-21
49,-22,-22
49,-23,-23
49,-24,-24
49,-25,-25
49,-26,-26
49,-27,-27
49,-28,-28
49,-29,-29
49,-30,-30
49,-31,-31
49,-32,-32
48,-20,-20
48,-21,-21
48,-22,-22
48,-23,-23
48,-24,-24
48,-25,-25
48,-26,-26
48,-27,-27
48,-28,-28
48,-29,-29
48,-30,-30
48,-31,-31
48,-32,-32
47,-20,-20
47,-21,-21
47,-22,-22
47,-23,-23
47,-24,-24
47,-25,-25
47,-26,-26
47,-27,-27
47,-28,-28
47,-29,-29
47,-30,-30
47,-31,-31
47,-32,-32
46,-20,-20
46,-21,-21
46,-22,-22
46,-23,-23
46,-24,-24
46,-25,-25
46,-26,-26
46,-27,-27
46,-28,-28
46,-29,-29
46,-30,-30
46,-31,-31
46,-32,-32
45,-20,-20
45,-21,-21
45,-22,-22
45,-23,-23
45,-24,-24
45,-25,-25
45,-26,-26
45,-27,-27
45,-28,-28
45,-29,-29
45,-30,-30
45,-31,-31
45,-32,-32
44,-20,-20
44,-21,-21
44,-22,-22
44,-23,-23
44,-24,-24
44,-25,-25
44,-26,-26
44,-27,-27
44,-28,-28
44,-29,-29
44,-30,-30
44,-31,-31
44,-32,-32
43,-20,-20
43,-21,-21
43,-22,-22
43,-23,-23
43,-24,-24
43,-25,-25
43,-26,-26
43,-27,-27
43,-28,-28
43,-29,-29
43,-30,-30
43,-31,-31
43,-32,-32
42,-20,-20
42,-21,-21
42,-22,-22
42,-23,-23
42,-24,-24
42,-25,-25
42,-26,-26
42,-27,-27
42,-28,-28
42,-29,-29
42,-30,-30
42,-31,-31
42,-32,-32
41,-20,-20
41,-21,-21
41,-22,-22
41,-23,-23
41,-24,-24
41,-25,-25
41,-26,-26
41,-27,-27
41,-28,-28
41,-29,-29
41,-30,-30
41,-31,-31
41,-32,-32
40,-16,-16
40,-17,-17
40,-18,-18
40,-19,-19
40,-20,-20
40,-21,-21
40,-22,-22
40,-23,-23
40,-24,-24
40,-25,-25
40,-26,-26
40,-27,-27
40,-28,-28
40,-29,-29
40,-30,-30
40,-31,-31
40,-32,-32
39,-16,-16
39,-17,-17
39,-18,-18
39,-19,-19
39,-20,-20
39,-21,-21
39,-22,-22
39,-23,-23
39,-24,-24
39,-25,-25
39,-26,-26
39,-27,-27
39,-28,-28
39,-29,-29
39,-30,-30
39,-31,-31
39,-32,-32
38,-16,-16
38,-17,-17
38,-18,-18
38,-19,-19
38,-20,-20
38,-21,-21
38,-22,-22
38,-23,-23
38,-24,-24
38,-25,-25
37,-16,-16
37,-17,-17
37,-18,-18
37,-19,-19
37,-20,-20
37,-21,-21
37,-22,-22
37,-23,-23
37,-24,-24
37,-25,-25
36,-16,-16
36,-17,-17
36,-18,-18
36,-19,-19
36,-20,-20
36,-21,-21
36,-22,-22
36,-23,-23
36,-24,-24
36,-25,-25
35,-16,-16
35,-17,-17
35,-18,-18
35,-19,-19
35,-20,-20
35,-21,-21
35,-22,-22
35,-23,-23
35,-24,-24
35,-25,-25
34,-12,-12
34,-13,-13
34,-14,-14
34,-15,-15
34,-16,-16
34,-17,-17
34,-18,-18
34,-19,-19
34,-20,-20
34,-21,-21
34,-22,-22
34,-23,-23
34,-24,-24
34,-25,-25
33,-12,-12
33,-13,-13
33,-14,-14
33,-15,-15
33,-16,-16
33,-17,-17
33,-18,-18
33,-19,-19
33,-20,-20
33,-21,-21
33,-22,-22
33,-23,-23
33,-24,-24
33,-25,-25
32,-12,-12
32,-13,-13
32,-14,-14
32,-15,-15
32,-16,-16
32,-17,-17
32,-18,-18
32,-19,-19
32,-20,-20
32,-21,-21
32,-22,-22
32,-23,-23
32,-24,-24
32,-25,-25
31,-12,-12
31,-13,-13
31,-14,-14
31,-15,-15
31,-16,-16
31,-17,-17
31,-18,-18
31,-19,-19
31,-20,-20
30,-10,-10
30,-11,-11
30,-12,-12
30,-13,-13
30,-14,-14
30,-15,-15
30,-16,-16
30,-17,-17
30,-18,-18
30,-19,-19
30,-20,-20
29,-10,-10
29,-11,-11
29,-12,-12
29,-13,-13
29,-14,-14
29,-15,-15
29,-16,-16
29,-17,-17
29,-18,-18
29,-19,-19
29,-20,-20
28,-10,-10
28,-11,-11
28,-12,-12
28,-13,-13
28,-14,-14
28,-15,-15
28,-16,-16
28,-17,-17
28,-18,-18
28,-19,-19
28,-20,-20
27,-8,-8
27,-9,-9
27,-10,-10
27,-11,-11
27,-12,-12
27,-13,-13
27,-14,-14
27,-15,-15
27,-16,-16
26,-8,-8
26,-9,-9
26,-10,-10
26,-11,-11
26,-12,-12
26,-13,-13
26,-14,-14
26,-15,-15
26,-16,-16
25,-6,-6
25,-7,-7
25,-8,-8
25,-9,-9
25,-10,-10
25,-11,-11
25,-12,-12
25,-13,-13
25,-14,-14
25,-15,-15
25,-16,-16
24,-6,-6
24,-7,-7
24,-8,-8
24,-9,-9
24,-10,-10
24,-11,-11
24,-12,-12
24,-13,-13
23,-5,-5
23,-6,-6
23,-7,-7
23,-8,-8
23,-9,-9
23,-10,-10
23,-11,-11
23,-12,-12
23,-13,-13
22,-3,-3
22,-4,-4
22,-5,-5
22,-6,-6
22,-7,-7
22,-8,-8
22,-9,-9
22,-10,-10
22,-11,-11
21,-2,-2
21,-3,-3
21,-4,-4
21,-5,-5
21,-6,-6
21,-7,-7
21,-8,-8
21,-9,-9
21,-10,-10
21,-11,-11
20,0,0
20,-1,-1
20,-2,-2
20,-3,-3
20,-4,-4
20,-5,-5
20,-6,-6
20,-7,-7
20,-8,-8
20,-9,-9
19,135,9180
19,134,9045
19,133,8911
19,132,8778
19,131,8646
19,130,8515
19,129,8385
19,128,8256
19,127,8128
19,126,8001
19,125,7875
19,124,7750
19,123,7626
19,122,7503
19,121,7381
19,120,7260
19,119,7140
19,118,7021
19,117,6903
19,116,6786
19,115,6670
19,114,6555
19,113,6441
19,112,6328
19,111,6216
19,110,6105
19,109,5995
19,108,5886
19,107,5778
19,106,5671
19,105,5565
19,104,5460
19,103,5356
19,102,5253
19,101,5151
19,100,5050
19,99,4950
19,98,4851
19,97,4753
19,96,4656
19,95,4560
19,94,4465
19,93,4371
19,92,4278
19,91,4186
19,90,4095
19,89,4005
19,88,3916
19,87,3828
19,86,3741
19,85,3655
19,66,2211
19,65,2145
19,64,2080
19,63,2016
19,62,1953
19,61,1891
19,60,1830
19,59,1770
19,58,1711
19,57,1653
19,56,1596
19,55,1540
19,54,1485
19,53,1431
19,52,1378
19,51,1326
19,50,1275
19,49,1225
19,48,1176
19,47,1128
19,46,1081
19,45,1035
19,44,990
19,43,946
19,42,903
19,41,861
19,40,820
19,39,780
19,38,741
19,37,703
19,36,666
19,35,630
19,34,595
19,33,561
19,32,528
19,31,496
19,30,465
19,29,435
19,28,406
19,27,378
19,26,351
19,25,325
19,24,300
19,23,276
19,22,253
19,21,231
19,20,210
19,19,190
19,18,171
19,17,153
19,16,136
19,15,120
19,14,105
19,13,91
19,12,78
19,11,66
19,10,55
19,9,45
19,8,36
19,7,28
19,6,21
19,5,15
19,4,10
19,3,6
19,2,3
19,1,1
19,0,0
19,-1,-1
19,-2,-2
19,-3,-3
19,-4,-4
19,-5,-5
19,-6,-6
19,-7,-7
18,135,9180
18,134,9045
18,133,8911
18,132,8778
18,131,8646
18,130,8515
18,129,8385
18,128,8256
18,127,8128
18,126,8001
18,125,7875
18,124,7750
18,123,7626
18,122,7503
18,121,7381
18,120,7260
18,119,7140
18,118,7021
18,117,6903
18,116,6786
18,115,6670
18,114,6555
18,113,6441
18,112,6328
18,111,6216
18,110,6105
18,109,5995
18,108,5886
18,107,5778
18,106,5671
18,105,5565
18,104,5460
18,103,5356
18,102,5253
18,101,5151
18,100,5050
18,99,4950
18,98,4851
18,97,4753
18,96,4656
18,95,4560
18,94,4465
18,93,4371
18,92,4278
18,91,4186
18,90,4095
18,89,4005
18,88,3916
18,87,3828
18,86,3741
18,85,3655
18,66,2211
18,65,2145
18,64,2080
18,63,2016
18,62,1953
18,61,1891
18,60,1830
18,59,1770
18,58,1711
18,57,1653
18,56,1596
18,55,1540
18,54,1485
18,53,1431
18,52,1378
18,51,1326
18,50,1275
18,49,1225
18,48,1176
18,47,1128
18,46,1081
18,45,1035
18,44,990
18,43,946
18,42,903
18,41,861
18,40,820
18,39,780
18,38,741
18,37,703
18,36,666
18,35,630
18,34,595
18,33,561
18,32,528
18,31,496
18,30,465
18,29,435
18,28,406
18,27,378
18,26,351
18,25,325
18,24,300
18,23,276
18,22,253
18,21,231
18,20,210
18,19,190
18,18,171
18,17,153
18,16,136
18,15,120
18,14,105
18,13,91
18,12,78
18,11,66
18,10,55
18,9,45
18,8,36
18,7,28
18,6,21
18,5,15
18,4,10
18,3,6
18,2,3
18,1,1
18,0,0
18,-1,-1
18,-2,-2
18,-3,-3
18,-4,-4
18,-5,-5
17,135,9180
17,134,9045
17,133,8911
17,132,8778
17,131,8646
17,130,8515
17,129,8385
17,128,8256
17,127,8128
17,126,8001
17,125,7875
17,124,7750
17,123,7626
17,122,7503
17,121,7381
17,120,7260
17,119,7140
17,118,7021
17,117,6903
17,116,6786
17,115,6670
17,114,6555
17,113,6441
17,112,6328
17,111,6216
17,110,6105
17,109,5995
17,108,5886
17,107,5778
17,106,5671
17,105,5565
17,104,5460
17,103,5356
17,102,5253
17,101,5151
17,100,5050
17,99,4950
17,98,4851
17,97,4753
17,96,4656
17,95,4560
17,94,4465
17,93,4371
17,92,4278
17,91,4186
17,90,4095
17,89,4005
17,88,3916
17,87,3828
17,86,3741
17,85,3655
17,66,2211
17,65,2145
17,64,2080
17,63,2016
17,62,1953
17,61,1891
17,60,1830
17,59,1770
17,58,1711
17,57,1653
17,56,1596
17,55,1540
17,54,1485
17,53,1431
17,52,1378
17,51,1326
17,50,1275
17,49,1225
17,48,1176
17,47,1128
17,46,1081
17,45,1035
17,44,990
17,43,946
17,42,903
17,41,861
17,40,820
17,39,780
17,38,741
17,37,703
17,36,666
17,35,630
17,34,595
17,33,561
17,32,528
17,31,496
17,30,465
17,29,435
17,28,406
17,27,378
17,26,351
17,25,325
17,24,300
17,23,276
17,22,253
17,21,231
17,20,210
17,19,190
17,18,171
17,17,153
17,16,136
17,15,120
17,14,105
17,13,91
17,12,78
17,11,66
17,10,55
17,9,45
17,8,36
17,7,28
17,6,21
17,5,15
17,4,10
17,3,6
17,2,3
17,1,1
17,0,0
17,-1,-1
17,-2,-2